alt_identifier,ImageNumber,B cell,CD4 T cell,CD8 T cell,Epithelial/Tumor,Macrophages,NK-cells,P53+ Tumor,Proliferative Immune,Proliferative Tumor,Stromal,tumour_purity
CR001,101,0.01686182669789227,0.059484777517564404,0.028805620608899296,0.22142857142857142,0.048243559718969556,0.02423887587822014,0.16276346604215455,0.003044496487119438,0.09531615925058548,0.3398126463700234,0.4795081967213114
CR001,102,0.025063856960408686,0.06433588761174969,0.017241379310344827,0.30938697318007663,0.04102809706257982,0.02554278416347382,0.14064495530012772,0.0027139208173690933,0.041666666666666664,0.33237547892720304,0.49169859514687103
CR008,28,0.013733333333333334,0.037333333333333336,0.0192,0.3948,0.019733333333333332,0.027733333333333332,0.010266666666666667,0.0013333333333333333,0.04186666666666667,0.434,0.4469333333333333
CR008,29,0.03495379670550422,0.10445962233828847,0.03495379670550422,0.13097629570108477,0.0889915628766573,0.02109280835676979,0.008638007231820007,0.0022097227802330252,0.0018079550020088388,0.5719164323021294,0.14142225793491361
CR008,30,0.022707203229468904,0.032294689037466885,0.015390437744417812,0.34691560489466383,0.04251293049072789,0.026491737101047054,0.008199823388419326,0.008956730162734957,0.28548000504604515,0.2110508389050082,0.6405954333291284
CR014,103,0.047872340425531915,0.05851063829787234,0.11436170212765957,0.02127659574468085,0.2473404255319149,0.04521276595744681,0.005319148936170213,0.005319148936170213,0,0.45478723404255317,0.026595744680851064
CR014,104,0.06666666666666667,0.013333333333333334,0.05333333333333334,0.013333333333333334,0.10666666666666667,0.25333333333333335,0,0,0.013333333333333334,0.48,0.02666666666666667
CR014,105,0.026657313223430377,0.03262013328656612,0.020694493160294633,0.38091897579796563,0.05471764293230445,0.06769554542265871,0.009119607155384075,0.004910557699052964,0.03998596983514556,0.3626797614871975,0.4300245527884953
CR014,106,0.022758620689655173,0.01793103448275862,0.05172413793103448,0.19448275862068964,0.04275862068965517,0.046206896551724136,0.015172413793103448,0.007586206896551724,0.10206896551724139,0.4993103448275862,0.3117241379310345
CR014,107,0.011853803095159697,0.04445176160684886,0.08824497859729996,0.2225880803424432,0.045110306223246625,0.10470859400724399,0.01975633849193283,0.009548896937767533,0.08034244320052683,0.37339479749753046,0.3226868620349029
CR014,108,0.0177168386997381,0.032968725928208285,0.061315667847789246,0.3540286550608535,0.06932676012940996,0.04513942381759359,0.024033276844862117,0.006008319211215529,0.08257587428747497,0.3068864581728547,0.4606378061931906
CR020,109,0.013986013986013986,0.09507513762832911,0.13822347864901055,0.34221098050885285,0.04538015176313049,0.04805832465406933,0.009224817735456033,0.010415116798095522,0.15131676833804494,0.14610920993899718,0.5027525665823538
CR023,23,0.04920767306088407,0.05521267723102585,0.03269391159299416,0.03769808173477898,0.08874061718098415,0.021351125938281902,0.012510425354462052,8.340283569641367e-4,0.001834862385321101,0.6999165971643035,0.05204336947456213
CR023,24,0.013610446937649439,0.04947581386794188,0.048924038992091225,0.10134265219790325,0.07338605848813684,0.027588743792532646,0.01710502115137024,9.196247930844216e-4,0.005333823799889645,0.6623137759794004,0.12378149714916314
CR023,25,0.014950419527078566,0.030358504958047292,0.016933638443935927,0.18459191456903126,0.019221967963386728,0.007017543859649123,0.014797864225781845,0.0013729977116704805,0.02745995423340961,0.6832951945080091,0.22684973302822273
CR023,26,0.014124293785310734,0.06630109670987039,0.049850448654037885,0.37188434695912265,0.03738783649052842,0.026753074111000332,0.01030242605516783,0.003323363243602526,0.09654370222665337,0.3235294117647059,0.47873047524094386
CR023,27,0.011668036154478225,0.04124897288414133,0.03155299917830731,0.3697617091207888,0.023500410846343467,0.007559572719802793,0.011010682004930156,0.0011503697617091207,0.0466721446179129,0.4558751027115859,0.4274445357436319
CR027,31,0.007608695652173913,0.05478260869565217,0.08478260869565217,0.14739130434782607,0.06152173913043478,0.11739130434782609,0.2593478260869565,0.0034782608695652175,0.12021739130434783,0.14347826086956522,0.5269565217391304
CR027,32,0.008722741433021807,0.04631360332294912,0.08556593977154725,0.1557632398753894,0.030737279335410178,0.15181723779854622,0.18400830737279336,0.003946002076843198,0.16386292834890967,0.16926272066458983,0.5036344755970924
CR027,33,0.005597688696280245,0.06951968219573854,0.06951968219573854,0.211087035030697,0.046406644998194295,0.11971830985915492,0.14265077645359336,0.007403394727338389,0.10328638497652583,0.2248104008667389,0.4570241964608162
CR027,34,0.0071121402580218325,0.07476017201455508,0.036553092954019185,0.16291763149189548,0.04531921931855772,0.26414158121071785,0.06979821369500497,0.0077737347006285144,0.06599404565001654,0.26563016870658285,0.298709890836917
CR034,110,0.01001078084090559,0.03141845063914985,0.0628369012782997,0.21838903434467888,0.035730787001386106,0.08824888341290621,0.14846758047127676,0.01339904512551979,0.27999383951948253,0.11150469736639458,0.6468504543354382
CR034,111,0.01253704125826305,0.04992021882835651,0.04764075678139959,0.2058354228402097,0.040346478231137455,0.14246637793480738,0.15637109642124458,0.004330977889218144,0.10736266241167085,0.23318896740369272,0.46956918167312517
CR034,112,0.009302325581395349,0.019476744186046512,0.02732558139534884,0.24273255813953487,0.047674418604651166,0.045930232558139536,0.1558139534883721,0.01627906976744186,0.19476744186046513,0.24069767441860465,0.5933139534883721
CR038,35,0.011297330850403476,0.015145872129112352,0.012290502793296089,0.2749844816883923,0.03314711359404097,0.03525760397268777,0.01899441340782123,0.01973929236499069,0.35456238361266296,0.2245810055865922,0.6485412787088765
CR038,36,0.012486126526082131,0.038984461709211986,0.01956159822419534,0.28093784683684797,0.05063817980022198,0.023446170921198668,0.015815760266370698,0.016648168701442843,0.25679800221975585,0.2846836847946726,0.5535516093229745
CR038,37,0.009568140677527799,0.05068528575122834,0.021722265321955005,0.3108352728213085,0.04473752262735971,0.018101887768295837,0.011895526247737265,0.01616239979312128,0.24553917765709854,0.2707525213343677,0.5682699767261443
CR041,113,0.018368175360259795,0.029632636492794805,0.040897097625329816,0.518875583519383,0.015019281510046681,0.07956159935051756,0.014207428455449563,0.012888167241729247,0.18063730464785874,0.08991272579663082,0.7137203166226913
CR041,114,0.017655536872447752,0.03915445592121067,0.06029305789094403,0.4972375690607735,0.015493634398270478,0.022339658899831853,0.01165025222195532,0.006005284650492433,0.11470093682440548,0.2154696132596685,0.6235887581071343
CR043,115,0.016203703703703703,0.020833333333333332,0.19386574074074073,0.25752314814814814,0.02141203703703704,0.13541666666666666,0.023148148148148147,0.0023148148148148147,0.13541666666666666,0.19386574074074073,0.4160879629629629
CR043,116,0.017229953611663355,0.01855533465871438,0.06096752816434725,0.5149105367793241,0.04506295559973492,0.05168986083499006,0.01126573889993373,0.00728959575878065,0.07157057654075547,0.20145791915175612,0.5977468522200133
CR043,117,0.016556291390728478,0.02207505518763797,0.10706401766004416,0.40783664459161145,0.02704194260485651,0.07505518763796909,0.02097130242825607,0.002207505518763797,0.16280353200883002,0.15838852097130243,0.5916114790286975
CR048,118,0.011230697239120261,0.022461394478240523,0.044220870379036034,0.4349555451567618,0.08048666354702855,0.15582592419279365,0.010996724379971923,0.0070191857744501636,0.13897987833411324,0.09382311651848385,0.5849321478708469
CR048,119,0.014248704663212436,0.014507772020725389,0.04145077720207254,0.3194300518134715,0.14300518134715026,0.2,0.009067357512953367,0.0038860103626943004,0.08678756476683938,0.16761658031088084,0.41528497409326426
CR051,120,0.020032780914223274,0.022400291385904207,0.08814423602258241,0.3216171917683482,0.055909670369695866,0.030413403751593515,0.01730103806228374,0.00364232380258605,0.11200145692952103,0.3285376069932617,0.4509196867601529
CR051,121,0.01173469387755102,0.01683673469387755,0.12244897959183673,0.28061224489795916,0.02465986394557823,0.11768707482993197,0.012244897959183673,0.010884353741496598,0.20612244897959184,0.1967687074829932,0.4989795918367347
CR052,38,0.014091768345076474,0.029558343357965287,0.06014779171678983,0.29592713524660597,0.0864409692387008,0.03918199003265166,0.13507475511256228,0.009795497508162915,0.09606461591338718,0.23371713352809761,0.5270665062725555
CR052,39,0.02039832958560874,0.05541278509476389,0.1583681336331513,0.16543527144233858,0.08866045615162223,0.06601349180854481,0.12849341471249598,0.012206874397687119,0.06119498875682621,0.24381625441696114,0.3551236749116608
CR052,40,0.011868966608640608,0.048267130875138474,0.03845545181199557,0.27852508308276624,0.07975945561006488,0.01819908213324893,0.10919449279949359,0.00838740307010603,0.0740623516379174,0.33328058237062824,0.4617819275201772
CR052,41,0.05439229843561973,0.13369434416365825,0.28435619735258727,0.1565583634175692,0.038628158844765344,0.029843561973525872,0.004452466907340554,0.013718411552346571,0.05631768953068592,0.22803850782190133,0.21732851985559568
CR053,122,0.008511703592439605,0.01464513706346226,0.014019276505194642,0.4710226561522093,0.01627237451495807,0.0684691450744774,0.017899611966453875,0.014519964951808738,0.2494680185254725,0.1251721116535236,0.7383902866441356
CR053,123,0.03862902092990589,0.07262255934822306,0.04003371260008428,0.284590532378143,0.08428150021070376,0.11855597696305661,0.010113780025284451,0.01685630004214075,0.09130495856159573,0.2430116589408625,0.38600927096502324
CR054,42,0.010488505747126438,0.028879310344827585,0.030028735632183907,0.3067528735632184,0.09166666666666666,0.03735632183908046,0.013793103448275862,0.015517241379310345,0.1735632183908046,0.29195402298850576,0.4941091954022988
CR054,43,0.010721944245889922,0.020443173695496784,0.021729807005003574,0.25618298784846316,0.036311651179413866,0.055182273052180125,0.019442458899213724,0.009864188706218727,0.20471765546819157,0.3654038598999285,0.4803431022158684
CR054,44,0.01978206202849958,0.07376362112321877,0.08231349538977369,0.049287510477787094,0.08801341156747695,0.07191953059513831,0.012405699916177704,0.008885163453478626,0.008717518860016765,0.5849119865884326,0.07041072925398156
CR055,124,0.014292520247737018,0.04013816102906146,0.06896141019533111,0.16353025250119105,0.06896141019533111,0.34707003334921394,0.014530728918532635,0,0.019056693663649357,0.26345878989995236,0.19711767508337302
CR055,125,0.02529664884600339,0.102099361064024,0.0966227669839614,0.1555613508932064,0.21449993480245141,0.22649628373973138,0.01434346068587821,0.004042248011474768,0.020080844960229497,0.14095710001303952,0.18998565653931412
CR056,45,0.018680167597765363,0.014490223463687151,0.03718575418994413,0.3331005586592179,0.06494413407821228,0.021473463687150838,0.007506983240223464,0.01518854748603352,0.21927374301675978,0.2681564245810056,0.5598812849162011
CR056,46,0.013390928725701945,0.011375089992800576,0.0251979841612671,0.23988480921526278,0.07401007919366451,0.02159827213822894,0.006767458603311735,0.012670986321094313,0.2691144708423326,0.3259899208063355,0.515766738660907
CR056,47,0.013236390753169276,0.017897091722595078,0.030014914243102164,0.3376211782252051,0.05201342281879195,0.027404921700223715,0.01081282624906786,0.007457121551081283,0.2086129753914989,0.2949291573452647,0.5570469798657719
CR057,126,0.020299954552340554,0.024390243902439025,0.10604453870625663,0.15830934706862596,0.08089683381305862,0.1445235570368126,0.07589759127404938,0.0043932737464020604,0.026965611271019544,0.3582790486289956,0.2611725496136949
CR057,127,0.02204301075268817,0.054838709677419356,0.015591397849462365,0.1721774193548387,0.17473118279569894,0.08951612903225807,0.14637096774193548,0.005376344086021506,0.053763440860215055,0.26559139784946234,0.37231182795698925
CR058,128,0.01651376146788991,0.15137614678899083,0.26055045871559634,0.05137614678899083,0.11284403669724771,0.04128440366972477,0.0045871559633027525,0.015596330275229359,0.0045871559633027525,0.3412844036697248,0.060550458715596334
CR058,129,0.027927182457592056,0.048820852296235,0.0618535374431113,0.40877120397186595,0.07819611088125776,0.1077782374844849,0.006206040546131568,0.01779064956557716,0.05585436491518411,0.1868018204385602,0.4708316094331816
CR058,130,0.003528773072747014,0.018458197611292075,0.21498371335504887,0.6137350705754615,0.05347448425624322,0.05727470141150923,0.004885993485342019,0.0019001085776330076,8.143322475570033e-4,0.030944625407166124,0.6194353963083605
CR059,20,0.010127931769722815,0.006929637526652452,0.0026652452025586353,0.31156716417910446,0.03491471215351812,0.027452025586353946,0.02638592750533049,0.012260127931769723,0.19536247334754797,0.3723347547974414,0.533315565031983
CR059,21,0.01611047180667434,0.05322209436133487,0.04746835443037975,0.05552359033371691,0.03682393555811277,0.536536248561565,2.8768699654775604e-4,0.005178365937859608,0,0.24884925201380897,0.05581127733026467
CR059,22,0.029415509996179805,0.06672609193938622,0.2528969820450783,0.2234814720488985,0.07971475869094613,0.09970711829873934,0.005984973895326626,0.023685215841079844,0.0701642684324462,0.148223608811919,0.2996307143766713
CR060,48,0.02916572462129776,0.06635767578566584,0.13090662446303414,0.11971512548044314,0.16685507574044767,0.2356997513000226,0.004295726882206647,0.021817770743839022,0.03300926972643003,0.19217725525661317,0.1570201220890798
CR060,49,0.06157965194109773,0.11033020972780008,0.17737617135207498,0.06726907630522089,0.10921463632307006,0.2532351628737171,0.0039045069165551094,0.03469433288710397,0.059571619812583666,0.12282463186077644,0.13074520303435966
CR060,50,0.06550618415025194,0.03389830508474576,0.020613834173156206,0.13879981676591846,0.03847915712322492,0.012368300503893724,0.0022904260192395786,4.580852038479157e-4,0.00641319285387082,0.6811726981218507,0.14750343563902885
CR060,51,0.03858695652173913,0.025543478260869567,0.02391304347826087,0.15815217391304348,0.021739130434782608,0.010326086956521738,0.002717391304347826,0,0.0016304347826086956,0.717391304347826,0.1625
CR060,52,0.06646525679758308,0.059415911379657606,0.028197381671701913,0.30614300100704933,0.07955689828801611,0.08358509566968782,0.005035246727089627,0.007049345417925478,0.10372608257804633,0.2608257804632427,0.41490433031218527
CR067,53,0.006501083513918987,0.024837472912152027,0.015169194865810968,0.40006667777962995,0.039673278879813305,0.012835472578763127,0.027171195199199867,0.007667944657442907,0.09151525254209035,0.37456242707117854,0.5187531255209201
CR067,54,0.012137823022709476,0.03484729835552075,0.02682067345340642,0.3768598277212216,0.04267815191855912,0.011550509005481598,0.024079874706342992,0.006851996867658575,0.07478465152701644,0.389389193422083,0.475724353954581
CR067,55,0.007107709130672498,0.05667942409331146,0.029159832330964097,0.48441771459814104,0.015855658829961726,0.00455622380171314,0.02861308547475852,0.006743211226535447,0.08583925642427556,0.2810278840896665,0.5988700564971752
CR067,56,0.016843971631205674,0.003799392097264438,0.004305977710233029,0.11765450861195542,0.10802938196555217,0.49037487335359675,0.002786220871327254,1.2664640324214793e-4,0.004559270516717325,0.25151975683890576,0.125
CR077,1,0.00877963125548727,0.023529411764705882,0.15803336259877085,0.1977172958735733,0.05127304653204565,0.02177348551360843,0.0028094820017559264,0.023353819139596138,0.076558384547849,0.43617208077260755,0.27708516242317827
CR077,2,0.007124975929135375,0.02060466011939149,0.14654342383978433,0.23762757558251493,0.06393221644521471,0.011361448103215868,0.0030810706720585403,0.01097631426920855,0.07182746004236472,0.4269208549971115,0.3125361062969382
CR077,3,0.005786039640526899,0.01895851286470516,0.0450572448602733,0.06660100947925643,0.0323772005416718,0.00184660839591284,0.457712667733596,0.003200787886248923,0.2806844761787517,0.087775452419057,0.8049981533916041
CR079,57,0.007841254600736118,0.007841254600736118,0.005440870539286286,0.6817090734517522,0.014402304368698993,0.01872299567930869,0.005760921747479597,9.601536245799327e-4,0.14562329972795648,0.11169787165946551,0.8330932949271883
CR079,58,0.01138260737592958,0.016998027014721504,0.005615419638791926,0.6035817271209591,0.007436636818940658,0.018515707998178782,0.005918955835483381,0.0030353619669145544,0.15829412657459402,0.16922142965548642,0.7677948095310365
CR079,59,0.016694214876033057,0.008099173553719008,0.006446280991735537,0.6221487603305785,0.013884297520661157,0.018347107438016527,0.011570247933884297,0.002644628099173554,0.16082644628099174,0.1393388429752066,0.7945454545454546
CR080,131,0.01684341859014348,0.01653150343106675,0.037429819089207735,0.13069245165315035,0.11759201497192763,0.11041796631316282,0.026200873362445413,0.011540860885839051,0.008109794135995009,0.5246412975670618,0.16500311915159077
CR080,132,0.01867219917012448,0.02074688796680498,0.008298755186721992,0.22406639004149378,0.014522821576763486,0.026970954356846474,0.03112033195020747,0.008298755186721992,0.006224066390041493,0.6410788381742739,0.2614107883817427
CR080,133,0.051430461385811144,0.084173970563916,0.1093104018521581,0.3026294030097569,0.11757896477592195,0.0410120721018687,0.01537952703820076,0.02315197618653878,0.05043823383495948,0.2048949892508682,0.36844716388291715
CR081,134,0.020011858879335903,0.05736732878742959,0.03379780610732286,0.26949303290839016,0.027423658464275125,0.037355469908093686,0.20575155647791285,0.011117699377408835,0.16305959086866292,0.1746219982211681,0.6383041802549659
CR081,135,0.007512953367875648,0.03251295336787565,0.02616580310880829,0.40181347150259067,0.021243523316062177,0.02266839378238342,0.13795336787564766,0.0038860103626943004,0.17370466321243525,0.17253886010362696,0.7134715025906736
CR082,60,0.012588626826797858,0.10331355809578932,0.17001881059181015,0.04905223556648821,0.21661119953697006,0.0781363044421936,0.004196208942265953,0.026768919114455215,0.05773404717117638,0.2815800897120532,0.11098249167993054
CR082,61,0.012899064817800709,0.07739438890680425,0.11501666129205633,0.3491346877351392,0.010426744061055574,0.0017198753090400946,0.023325808878856283,0.00945931419972052,0.29173384929592605,0.108889605503601,0.6641943459099215
CR082,62,0.004078605858361142,0.023730070448646643,0.06599925843529848,0.3781979977753059,0.008342602892102336,0.002039302929180571,0.0192806822395254,0.007971820541342232,0.42695587690025955,0.06340378197997776,0.8244345569150908
CR082,63,0.019127231510342874,0.10059506942476622,0.11476338906205724,0.15259280249362425,0.16109379427599888,0.047605553981297816,0.006800793425899688,0.0389628790025503,0.14550864267497876,0.212949844148484,0.3049022385945027
CR082,64,0.005828687278256462,0.031170805879371516,0.07222503801317791,0.2767359351241764,0.06107450582868728,0.1338063862138875,0.014951849974657882,0.02002027369488089,0.1804358844399392,0.20375063355296502,0.47212366953877344
CR082,65,0.028846153846153848,0.1201923076923077,0.15384615384615385,0.04326923076923077,0.1875,0.11057692307692307,0,0.038461538461538464,0.004807692307692308,0.3125,0.04807692307692307
CR084,136,0.013988343047460449,0.02614487926727727,0.01781848459616986,0.11906744379683597,0.020149875104079933,0.016153205661948375,0.02331390507910075,0.01015820149875104,0.10424646128226478,0.6489592006661116,0.2466278101582015
CR084,137,0.009878760664571173,0.01650202065559048,0.006061966771441401,0.2360799281544679,0.011338123035473732,0.0224517287831163,0.037831162999550964,0.0061742254153569825,0.07319263583295914,0.5804894476874719,0.347103726986978
CR094,13,0.017424975798644726,0.030784123910939012,0.021297192642787996,0.3564375605033882,0.023233301064859633,0.007357212003872217,0.33204259438528555,0.002904162633107454,0.030203291384317522,0.17831558567279768,0.7186834462729913
CR094,14,0.007714016933207902,0.026528692380056444,0.00865475070555033,0.32587017873941676,0.02013170272812794,0.024270931326434618,0.24948259642521167,0.0018814675446848542,0.12380056444026341,0.2116650987770461,0.6991533396048919
CR094,15,0.008978451715881883,0.010375099760574621,0.008978451715881883,0.3758978451715882,0.02733439744612929,0.007382282521947326,0.25678371907422187,0.0011971268954509178,0.07901037509976057,0.22406225059856344,0.7116919393455707
CR094,16,0.015247776365946633,0.017789072426937738,0.012706480304955527,0.2604828462515883,0.05844980940279543,0.011435832274459974,0.289707750952986,0.005082592121982211,0.12833545108005082,0.20076238881829733,0.6785260482846251
CR096,66,0.01880178457616316,0.017208413001912046,0.03123008285532186,0.16666666666666666,0.13766730401529637,0.13081580624601657,0.009082217973231358,0.002708731676226896,0.0038240917782026767,0.4819949012109624,0.1795729764181007
CR096,67,0.01563503962304562,0.01285071749839366,0.01670593274791176,0.1447847504819019,0.045405868494324264,0.170272006853716,0.011565645748554294,0.005997001499250375,0.01113728849860784,0.5656457485542943,0.16748768472906403
CR096,68,0.022388059701492536,0.014925373134328358,0.01451077943615257,0.13598673300165837,0.03067993366500829,0.05472636815920398,0.012023217247097845,0.00538971807628524,0.00912106135986733,0.7002487562189055,0.15713101160862353
CR096,69,0.012647554806070826,0.010961214165261383,0.02023608768971332,0.1808600337268128,0.0678752107925801,0.049747048903878585,0.011804384485666104,0.002529510961214165,0.0037942664418212477,0.6395446880269815,0.19645868465430014
CR096,70,0.028183716075156576,0.022964509394572025,0.009394572025052192,0.12630480167014613,0.0511482254697286,0.12421711899791232,0.009394572025052192,0.0041753653444676405,0.008350730688935281,0.615866388308977,0.1440501043841336
CR096,71,0.009433962264150943,0,0.0047169811320754715,0.2358490566037736,0.018867924528301886,0.02358490566037736,0.02830188679245283,0,0.009433962264150943,0.6698113207547169,0.27358490566037735
CR097,74,0.056264678852241394,0.08455018891044623,0.05350760747472685,0.14183600530991525,0.03686306545491678,0.1377514551210048,0.1322373123659757,0.058817522720310426,0.19248442765240478,0.10568773613805779,0.46655774532829575
CR097,75,0.01966333978847013,0.1909727394607478,0.037241173841799494,0.133919261135111,0.030686727245642784,0.028303292119767617,0.19454789214956056,0.03887978549083867,0.1902279159839118,0.13555787278415016,0.5186950692685834
CR100,72,0.01344909771876064,0.01344909771876064,0.0149812734082397,0.39598229485869935,0.055839291794347976,0.059244126659857,0.01651344909771876,0.008171603677221655,0.1544092611508342,0.2679605039155601,0.5669050051072523
CR100,73,0.016787485692483783,0.011064479206409768,0.01259061426936284,0.19648988935520795,0.038916444105303316,0.007249141549027089,0.007249141549027089,7.630675314765357e-4,0.03014116749332316,0.6787485692483785,0.2338801983975582
CR101,76,0.043021680216802166,0.10721544715447154,0.15294715447154472,0.12042682926829268,0.10077913279132791,0.0418360433604336,0.005589430894308943,0.01016260162601626,0.14142953929539295,0.2765921409214092,0.26744579945799457
CR101,77,0.051008303677342826,0.12633451957295375,0.2540035587188612,0.13167259786476868,0.09104389086595492,0.028469750889679714,0.004151838671411625,0.016755634638196917,0.13315539739027282,0.16340450771055753,0.2689798339264531
CR101,78,0.07818480043739748,0.1342263531984691,0.26708583925642426,0.12001093493712411,0.0777747402952433,0.035948605795516675,0.0028704209950792784,0.0165390924002187,0.04838709677419355,0.21897211591033353,0.17126845270639696
CR102,79,0.030308563081979184,0.10918385977725031,0.0766843162315136,0.49954354573671716,0.058060982289574584,0.06335585174365528,0.00693810480189885,0.008581340149716999,0.04619317144422129,0.1011502647434727,0.5526748219828373
CR102,80,0.09529892692897292,0.0760091977516607,0.08380173735309146,0.13490035769034237,0.11318344404701074,0.038196218702095046,0.0048543689320388345,0.009197751660705161,0.04420030659172202,0.40035769034236074,0.18395503321410323
CR102,81,0.04108779190067987,0.0762636712976648,0.0722731303576707,0.10301507537688442,0.07537688442211055,0.006946497191841561,0.17573159917233225,0.01744014188590009,0.227460833579663,0.20440437481525273,0.5062075081288797
CR102,82,0.05343311014835237,0.08218458710778521,0.06406721806485494,0.10253380596035185,0.06301693580149666,0.008270972823946435,0.14966522252855455,0.015491663384534594,0.13614283838781674,0.3251936457923067,0.3883418668767231
CR102,83,0.0012395413696932136,0.007127362875735978,0.012705299039355439,0.1825224666873257,0.03253796095444685,0.009296560272699102,0.05422993492407809,0.0027889680818097306,0.04214440656956926,0.6554074992252866,0.27889680818097307
CR109,84,0.03199308257674016,0.033578325407119185,0.04438679925061248,0.48191382043522124,0.031704856607580344,0.02204928664072633,0.008502666090214729,0.0012970168612191958,0.03689292405245713,0.3076812220781092,0.527309410577893
CR109,85,0.00956327701625757,0.01737328657953459,0.01864839018170226,0.4577621931781957,0.007331845712464138,0.015620019126554032,0.006216130060567421,0.0017532674529805547,0.07969397513547975,0.3860376155562639,0.5436722983742429
CR109,86,0.032655674723867455,0.014566992156234993,0.04370097646870498,0.41155754762285895,0.06082919801504722,0.03649751880902834,0.010565071234192413,0.0017608452056987354,0.07075396190171282,0.3171122138626541,0.49287658075876417
CR109,87,0.03194842406876791,0.030659025787965616,0.03925501432664757,0.4640401146131805,0.044412607449856735,0.017048710601719197,0.011031518624641834,0.001146131805157593,0.066189111747851,0.29426934097421203,0.5412607449856733
CR110,4,0.004554020100502512,0.016017587939698492,0.09689070351758794,0.4353015075376884,0.02245603015075377,0.0021984924623115578,0.020100502512562814,0.00832286432160804,0.2178077889447236,0.17635050251256282,0.6732097989949748
CR110,5,0.012154233025984913,0.06356524168762225,0.12740989103101424,0.26599608829281923,0.07627829002514669,0.07208717518860017,0.009918971779826768,0.01243364068175468,0.1996367700474993,0.16051969823973178,0.4755518301201453
CR110,6,0.008402053835381982,0.018515637155749182,0.13598879726155283,0.4239925315077019,0.017115294849852185,9.335615372646647e-4,0.01820444997666096,0.006846117939940875,0.2063170997354909,0.16368445620040453,0.6485140812198538
CR112,88,0.013468013468013467,0.027577360910694244,0.018919352252685585,0.5805675805675806,0.013949013949013949,0.01443001443001443,0.039602372935706266,1.60333493666827e-4,0.050505050505050504,0.24082090748757415,0.6706750040083373
CR112,89,0.013410756256048666,0.015208074104797456,0.02142955896585096,0.5736209041891331,0.025300705101617586,0.018249688925756947,0.059311489008710076,1.3825521913452232e-4,0.024609429005944976,0.24872113922300568,0.6575418222037882
CR112,90,0.010611956137247965,0.04174036080650867,0.025114962858153518,0.38468340997523875,0.019985850725150335,0.014856738592147152,0.20711001061195614,0.002829854969932791,0.11160240537672445,0.18146444994694022,0.7033958259639193
CR112,91,0.02358974358974359,0.03572649572649573,0.06256410256410257,0.4965811965811966,0.0105982905982906,0.017264957264957265,0.0864957264957265,1.7094017094017094e-4,0.034700854700854704,0.2323076923076923,0.6177777777777778
CR113,138,0.0196156394963552,0.0437375745526839,0.014844267726971505,0.3183565275016567,0.043074884029158385,0.027965540092776672,0.014844267726971505,0.0014579191517561298,0.08827037773359842,0.42783300198807156,0.42147117296222664
CR113,139,0.021356421356421358,0.04141414141414142,0.019624819624819625,0.2867243867243867,0.06984126984126984,0.08066378066378066,0.014862914862914862,0.0030303030303030303,0.06911976911976912,0.39336219336219336,0.3707070707070707
CR115,140,0.021314126120829047,0.05468175804792003,0.051741878582978094,0.20711450830515948,0.07114508305159488,0.05835660737909746,0.005144789063648391,0.007790680582096134,0.09187123327943554,0.4308393355872409,0.3041305306482434
CR118,92,0.183473010723619,0.29016851401279625,0.17707488510408217,0.1630170316301703,0.0868703253131477,0.037037037037037035,0.0045958367126250335,0.014418311255294223,0.03424348923132378,0.009101558979904478,0.20185635757411913
CR118,93,0.0104675505931612,0.03838101884159107,0.03838101884159107,0.17969295184926729,0.058269364968597345,0.027564549895324496,0.009769713886950453,6.978367062107466e-4,0.0013956734124214933,0.6353803210048848,0.19085833914863923
CR118,94,0.011058451816745656,0.045813586097946286,0.018167456556082148,0.054502369668246446,0.05529225908372828,0.04976303317535545,0.0071090047393364926,0,0,0.7582938388625592,0.061611374407582936
CR123,141,0.012655836796373252,0.02606724593879864,0.025878352852285607,0.3609746883264073,0.05950132225160559,0.10068001511144692,0.06762372497166604,0.003022289384208538,0.09029089535323007,0.2533056290139781,0.5188893086513033
CR123,142,0.03917179630665921,0.00783435926133184,0.004756575265808618,0.4552322327923895,0.07638500279798545,0.019585898153329603,0.10996082820369334,2.797985450475658e-4,0.05763850027979855,0.22915500839395636,0.6228315612758814
CR124,7,0.011966987620357633,0.15281980742778542,0.03782668500687758,0.3773039889958735,0.06382393397524072,0.005914718019257221,0.15735900962861074,0.001513067400275103,0.019669876203576343,0.1718019257221458,0.5543328748280605
CR124,8,0.009234111895708854,0.053231939163498096,0.01398696360673547,0.3934003259098316,0.030825638240086908,0.004481260184682238,0.1868549701249321,0.0016295491580662683,0.062194459532862574,0.24416078218359588,0.6424497555676263
CR124,9,0.014279829740491556,0.13881642180420156,0.031031168474529726,0.36852945214883975,0.042015652890292465,0.03789647123438144,0.048194425374159,0.0031580392695317863,0.03748455306879033,0.27859398599478236,0.4542084305917891
CR137,17,0.01673996311533551,0.04908497659242446,0.019719109093488438,0.3343736700241169,0.04582210242587601,0.02851468293374947,0.004965243296921549,0.025677401049794296,0.1349127535820684,0.340190097886225,0.47425166690310683
CR137,18,0.007742703990470518,0.014889815366289458,0.004169148302561048,0.41899940440738537,0.030375223347230494,0.01786777843954735,0.007444907683144729,0.004169148302561048,0.02561048243001787,0.46873138773079215,0.4520547945205479
CR137,19,0.006486712701401967,0.012554927809165096,0.003138731952291274,0.46495082653274744,0.025109855618330193,0.022389621259677757,0.005440468717304876,0.005440468717304876,0.03850177861477296,0.41598660807700355,0.5088930738648253
CR139,143,0.020564883509045947,0.061434335546010674,0.18313158922295977,0.43902121567096186,0.10165300013015749,0.03956787713132891,0.015358583886502668,0.005596772094234023,0.024469608225953402,0.10920213458284524,0.47884940778341795
CR139,144,0.032725166521865044,0.1071532001158413,0.08760498117578917,0.34651028091514624,0.04923255140457573,0.029684332464523604,0.010136113524471474,0.023168259484506227,0.0838401390095569,0.2299449753837243,0.4404865334491746
CR141,145,0.00857811281518066,0.024174681570054587,0.0655055887704705,0.29477514946711725,0.039511307512347285,0.08448141408890045,0.014036911879386535,0.01715622563036132,0.3441642838575513,0.1076163244086301,0.6529763452040551
CR141,146,0.006568144499178982,0.023973727422003283,0.041379310344827586,0.7497536945812808,0.03645320197044335,0.05779967159277504,0.009195402298850575,0.00722495894909688,0.008866995073891626,0.05878489326765189,0.767816091954023
CR141,147,0.016755876192692577,0.0507330695834303,0.04188969048173144,0.5706306725622527,0.04468233651384687,0.09937165464277403,0.012566907144519432,0.008610658599022573,0.06772166627879916,0.08703746800093089,0.6509192459855714
CR141,148,0.020670958996950185,0.049474754320569296,0.15181294476448662,0.20806506269061334,0.10403253134530667,0.08302270416807862,0.010166045408336157,0.009149440867502542,0.043713995255845475,0.3198915621823111,0.261945103354795
CR141,149,0.012281240405280933,0.05894995394534848,0.16364752840036845,0.24132637396377035,0.12189131102241327,0.07706478354313785,0.00828983727356463,0.006754682222904513,0.050967147681915875,0.25882714154129566,0.30058335891925086
CR144,150,0.01182033096926714,0.043498817966903074,0.17541371158392435,0.2453900709219858,0.04680851063829787,0.2099290780141844,0.034988179669030735,0.005673758865248227,0.04018912529550828,0.1862884160756501,0.32056737588652484
CR144,151,0.02266956837141821,0.06528835690968444,0.24755168661588683,0.30558578164671746,0.057852738483859266,0.05404425099746101,0.012876314834965543,0.009067827348567283,0.05821545157780196,0.166848023213638,0.37667754805948495
CR153,95,0.019523123699791967,0.04320691310609698,0.07873259721555449,0.23155704912786046,0.08433349335893743,0.017442790846535446,0.005920947351576252,0.008001280204832774,0.19011041766682668,0.32117138742198753,0.42758841414626336
CR153,96,0.02130118890356671,0.03533685601056803,0.057298546895640685,0.2546235138705416,0.0714993394980185,0.013540290620871863,0.006109643328929987,0.008586525759577279,0.10568031704095113,0.42602377807133424,0.3664134742404227
CR153,97,0.03348572840726554,0.06894847398986778,0.06474731249227728,0.2662795008031632,0.04188805140244656,0.0074138144075126654,0.004695415791424688,0.003212652909922155,0.15396021252934636,0.35536883726677376,0.4249351291239343
CR164,152,0.019230769230769232,0.03445512820512821,0.13381410256410256,0.22596153846153846,0.10576923076923077,0.1546474358974359,0.06570512820512821,0.008012820512820512,0.1778846153846154,0.07451923076923077,0.46955128205128205
CR164,153,0.020434227330779056,0.019157088122605363,0.14431673052362706,0.1602809706257982,0.08748403575989783,0.011494252873563218,0.2828863346104725,0.007662835249042145,0.18646232439335889,0.07982120051085569,0.6296296296296297
CR166,98,0.009934640522875817,0.05215686274509804,0.05254901960784314,0.1477124183006536,0.05084967320261438,0.17568627450980392,0.13176470588235295,0.011633986928104575,0.13359477124183006,0.23411764705882354,0.4130718954248366
CR166,99,0.0037238994547147226,0.038169969410825906,0.04495278627477058,0.14935496741587978,0.04614975395664317,0.1513499135523341,0.1772842133262402,0.01396462295518021,0.18872190450857826,0.1863279691448331,0.5153610852506982
CR166,100,0.006882071620202963,0.03487693922780823,0.06333838796220694,0.18429954508340138,0.0307943543683658,0.12469380613554182,0.16342003965939578,0.010381430071153622,0.1466231190948326,0.23469030677709088,0.4943427038376298
CR179,10,0.014488188976377953,0.05007874015748032,0.03559055118110236,0.3431496062992126,0.053228346456692915,0.012283464566929133,0.09748031496062992,0.0017322834645669292,0.07070866141732284,0.32125984251968503,0.5113385826771654
CR179,11,0.030122869599682918,0.11494252873563218,0.041485004624124716,0.14546175188267935,0.07821376667987845,0.008323424494649227,0.22314704716607214,0.004359889021006738,0.01070154577883472,0.34324217201743956,0.3793103448275862
CR179,12,0.016997907949790794,0.06707635983263599,0.07466004184100418,0.23888598326359833,0.062107740585774056,0.010983263598326359,0.1655334728033473,0.006668410041841004,0.11532426778242678,0.24176255230125523,0.5197437238493724
CR185,154,0.004283965728274173,0.094859241126071,0.08812729498164015,0.10403916768665851,0.29314565483476135,0.10465116279069768,0.011627906976744186,0.012239902080783354,0.006731946144430845,0.2802937576499388,0.12239902080783355
CR185,155,0.001422475106685633,0.08677098150782361,0.03982930298719772,0.03698435277382646,0.18207681365576103,0.33001422475106684,0.015647226173541962,0.008534850640113799,0.021337126600284494,0.2773826458036984,0.07396870554765292
CR185,156,0.03130384836300976,0.06662837449741528,0.07265939115450891,0.46898334290637567,0.05054566341183228,0.035324526134405516,0.009764503159103963,5.743825387708214e-4,0.0430786904078116,0.22113727742676623,0.5218265364732912
CR185,157,0.15053050397877984,0.08952254641909814,0.09084880636604775,0.27984084880636606,0.04376657824933687,0.035145888594164454,0.011936339522546418,0,0.03050397877984085,0.26790450928381965,0.3222811671087533
CR185,158,0.08681672025723473,0.08145766345123258,0.2304394426580922,0.21864951768488747,0.04769560557341908,0.03376205787781351,0.008038585209003215,0.003215434083601286,0.02840300107181136,0.2615219721329046,0.25509110396570206
CR185,159,0.03708386009270965,0.06405394016013485,0.21238938053097345,0.12389380530973451,0.15170670037926676,0.1976401179941003,0.0058997050147492625,8.428150021070375e-4,0.00337126000842815,0.20311841550779605,0.13316477033291194
CR185,160,0.05201837873318018,0.07482769937643584,0.15244502789629144,0.3510009845749918,0.09501148670823761,0.026583524778470626,0.009189366590088613,3.281916639317361e-4,0.014276337381030521,0.22431900229734164,0.3744666885461109
CR185,161,0.01166489925768823,0.0042417815482502655,0.014846235418875928,0.02545068928950159,0.0010604453870625664,0.005302226935312832,0.005302226935312832,0,0,0.9321314952279958,0.030752916224814422
CR202,162,0.02731629392971246,0.006230031948881789,0.023322683706070286,0.6006389776357828,0.030670926517571886,0.023801916932907348,0.018849840255591055,0,0.022364217252396165,0.24680511182108625,0.6418530351437699
CR202,163,0.03524347592144202,0.03214958299704063,0.047753564702717244,0.303605057842346,0.028652138821630348,0.035108958837772396,0.013720742534301856,8.071025020177562e-4,0.041296744686575196,0.46166263115415657,0.358622545063223
