alt_identifier,File Name,k8_cn,B cell,CD8 T cell,Epithelial/Tumor,Macrophages,NK-cells,P53+ Tumor,Proliferative Immune,Proliferative Tumor,Stromal,CD4 T cell
CR001,101,Bulk Tumor,0.0014792899408284023,0.005917159763313609,0.7403846153846154,0.0014792899408284023,0.016272189349112426,0.16715976331360946,7.396449704142012e-4,0.059911242603550297,0.006656804733727811,0
CR001,101,CD8+ T cell enriched,0.034482758620689655,0.3735632183908046,0.040229885057471264,0.11494252873563218,0.04597701149425287,0.011494252873563218,0,0,0.22413793103448276,0.15517241379310345
CR001,101,Immune-enriched stromal,0.038974358974358976,0.05282051282051282,0.07179487179487179,0.09076923076923077,0.03128205128205128,0.025128205128205128,0.009230769230769232,0.007692307692307693,0.5205128205128206,0.1517948717948718
CR001,101,Mixed Immune,0.044967880085653104,0.06638115631691649,0.029978586723768737,0.3147751605995717,0.042826552462526764,0.008565310492505354,0.008565310492505354,0.01284796573875803,0.24411134903640258,0.22698072805139186
CR001,101,NK-cell enriched,0.015625,0.03125,0.09375,0.046875,0.515625,0.015625,0,0.0625,0.203125,0.015625
CR001,101,P53+ Tumor,0.0010899182561307902,0.0027247956403269754,0.3073569482288828,0.0016348773841961854,0.011444141689373298,0.5416893732970027,0,0.11607629427792915,0.014168937329700272,0.0038147138964577656
CR001,101,Proliferative Tumor,0.0050568900126422255,0.0037926675094816687,0.18584070796460178,0,0.03286978508217446,0.1390644753476612,0.0012642225031605564,0.6257901390644753,0.006321112515802781,0
CR001,101,Stromal,0.016780283167278448,0.015207131620346093,0.006292606187729418,0.03146303093864709,0.008390141583639224,0.002097535395909806,0.001048767697954903,0,0.8814892501310959,0.037231253277399054
CR001,102,Bulk Tumor,5.333333333333334e-4,0.005866666666666667,0.736,0.004266666666666667,0.026133333333333335,0.17813333333333334,0,0.03626666666666667,0.0112,0.0016
CR001,102,CD8+ T cell enriched,0.11764705882352941,0.23529411764705882,0,0.08823529411764706,0.029411764705882353,0,0.029411764705882353,0,0.20588235294117646,0.29411764705882354
CR001,102,Immune-enriched stromal,0.052698412698412696,0.03365079365079365,0.08063492063492063,0.08507936507936507,0.03365079365079365,0.029841269841269842,0.006984126984126984,0.006349206349206349,0.5174603174603175,0.15365079365079365
CR001,102,Mixed Immune,0.08881578947368421,0.04276315789473684,0.06907894736842106,0.28618421052631576,0.03618421052631579,0.019736842105263157,0.01644736842105263,0.006578947368421052,0.2532894736842105,0.18092105263157895
CR001,102,NK-cell enriched,0,0.08333333333333333,0.08333333333333333,0.16666666666666666,0.4166666666666667,0,0,0,0.25,0
CR001,102,P53+ Tumor,0.0021321961620469083,0.0010660980810234541,0.3742004264392324,0.0010660980810234541,0.022388059701492536,0.4978678038379531,0,0.08848614072494669,0.010660980810234541,0.0021321961620469083
CR001,102,Proliferative Tumor,0,0,0.2275449101796407,0,0.03592814371257485,0.1377245508982036,0,0.5868263473053892,0.011976047904191617,0
CR001,102,Stromal,0.029433406916850625,0.01545253863134658,0.014716703458425313,0.016188373804267846,0.010301692420897719,0.0029433406916850625,0,0,0.8440029433406917,0.06696100073583518
CR008,28,Bulk Tumor,0.008459743290548424,0.01662777129521587,0.8127187864644108,0.006709451575262544,0.051341890315052506,0.012252042007001166,5.834305717619603e-4,0.05425904317386231,0.0338389731621937,0.0032088681446907816
CR008,28,CD8+ T cell enriched,0,0.48148148148148145,0.14814814814814814,0.037037037037037035,0.037037037037037035,0.037037037037037035,0,0.037037037037037035,0.07407407407407407,0.14814814814814814
CR008,28,Immune-enriched stromal,0.040667361835245046,0.035453597497393116,0.08237747653806048,0.0667361835245047,0.010427528675703858,0.0072992700729927005,0.0031282586027111575,0.010427528675703858,0.6193952033368092,0.12408759124087591
CR008,28,Mixed Immune,0.046511627906976744,0,0.023255813953488372,0.3488372093023256,0,0.06976744186046512,0.046511627906976744,0,0.18604651162790697,0.27906976744186046
CR008,28,NK-cell enriched,0,0,0.3125,0,0.375,0,0,0.125,0.1875,0
CR008,28,P53+ Tumor,0,0,0,0,0,0,0,1,0,0
CR008,28,Proliferative Tumor,0.0196078431372549,0.004901960784313725,0.3235294117647059,0.004901960784313725,0.06372549019607843,0.004901960784313725,0,0.553921568627451,0.0196078431372549,0.004901960784313725
CR008,28,Stromal,0.010276399716513111,0.013819985825655563,0.007087172218284904,0.01559177888022679,7.087172218284905e-4,0.00815024805102764,0.0010630758327427356,3.5435861091424523e-4,0.8958185683912119,0.04712969525159461
CR008,29,Bulk Tumor,0.0019267822736030828,0.007707129094412331,0.8689788053949904,0.019267822736030827,0.005780346820809248,0.017341040462427744,0,0.0038535645472061657,0.07321772639691715,0.0019267822736030828
CR008,29,CD8+ T cell enriched,0.096045197740113,0.4067796610169492,0.011299435028248588,0.05084745762711865,0.005649717514124294,0.011299435028248588,0,0,0.13559322033898305,0.2824858757062147
CR008,29,Immune-enriched stromal,0.05669083717864205,0.03955174686882004,0.0922874093605801,0.08371786420566908,0.03493737640079104,0.007910349373764008,0.003955174686882004,0.001977587343441002,0.5313117996044825,0.14765985497692816
CR008,29,Mixed Immune,0.04241435562805873,0.05057096247960848,0.03262642740619902,0.40456769983686786,0.03262642740619902,0.0016313213703099511,0.004893964110929853,0,0.2039151712887439,0.2267536704730832
CR008,29,NK-cell enriched,0,0,0.034482758620689655,0,0.4482758620689655,0,0,0,0.3103448275862069,0.20689655172413793
CR008,29,Proliferative Tumor,0,0,0.375,0,0,0.125,0,0.375,0.125,0
CR008,29,Stromal,0.020803782505910164,0.003309692671394799,0.016548463356973995,0.023167848699763592,0.0070921985815602835,0.00851063829787234,9.456264775413711e-4,4.7281323877068556e-4,0.8718676122931442,0.04728132387706856
CR008,30,Bulk Tumor,0.008307826847398338,0.004372540445999125,0.7284652383034543,0.009619588981198076,0.004809794490599038,0.00874508089199825,8.745080891998251e-4,0.16134674245736774,0.06821163095758635,0.005247048535198951
CR008,30,CD8+ T cell enriched,0.15625,0.3645833333333333,0.041666666666666664,0.020833333333333332,0.041666666666666664,0,0.07291666666666667,0,0.14583333333333334,0.15625
CR008,30,Immune-enriched stromal,0.056615017878426696,0.023241954707985697,0.11740166865315853,0.08104886769964244,0.04529201430274136,0.0059594755661501785,0.017878426698450536,0.06436233611442194,0.5160905840286055,0.07210965435041716
CR008,30,Mixed Immune,0.06842105263157895,0.02368421052631579,0.05263157894736842,0.3631578947368421,0.02631578947368421,0.010526315789473684,0.02894736842105263,0.010526315789473684,0.2026315789473684,0.2131578947368421
CR008,30,NK-cell enriched,0.007874015748031496,0.015748031496062992,0.10236220472440945,0.007874015748031496,0.5905511811023622,0.015748031496062992,0.007874015748031496,0.015748031496062992,0.18110236220472442,0.05511811023622047
CR008,30,P53+ Tumor,0,0,0.3333333333333333,0,0,0.3333333333333333,0,0.3333333333333333,0,0
CR008,30,Proliferative Tumor,0.006414584740040513,0.0070898041863605675,0.28561782579338285,0.0070898041863605675,0.008102633355840648,0.008440243079000676,0.0054017555705604325,0.600270087778528,0.0688723835246455,0.0027008777852802163
CR008,30,Stromal,0.012690355329949238,0.015228426395939087,0.007614213197969543,0.04314720812182741,0.025380710659898477,0.007614213197969543,0.01015228426395939,0.0025380710659898475,0.8451776649746193,0.030456852791878174
CR014,103,Bulk Tumor,0,0,0.5,0,0,0,0,0,0,0.5
CR014,103,CD8+ T cell enriched,0.029411764705882353,0.7058823529411765,0,0.058823529411764705,0,0,0.029411764705882353,0,0.17647058823529413,0
CR014,103,Immune-enriched stromal,0.06666666666666667,0.09333333333333334,0.04,0.13333333333333333,0.05333333333333334,0,0,0,0.5466666666666666,0.06666666666666667
CR014,103,Mixed Immune,0.06206896551724138,0.06896551724137931,0.027586206896551724,0.503448275862069,0.020689655172413793,0.013793103448275862,0.006896551724137931,0,0.2206896551724138,0.07586206896551724
CR014,103,NK-cell enriched,0,0.07142857142857142,0,0.07142857142857142,0.5714285714285714,0,0,0,0.21428571428571427,0.07142857142857142
CR014,103,Stromal,0.02830188679245283,0.009433962264150943,0,0.0660377358490566,0.018867924528301886,0,0,0,0.839622641509434,0.03773584905660377
CR014,104,CD8+ T cell enriched,0,0.75,0,0,0.25,0,0,0,0,0
CR014,104,Immune-enriched stromal,0.058823529411764705,0.058823529411764705,0.058823529411764705,0.17647058823529413,0.11764705882352941,0,0,0.058823529411764705,0.4117647058823529,0.058823529411764705
CR014,104,Mixed Immune,0.2727272727272727,0,0,0.45454545454545453,0.18181818181818182,0,0,0,0.09090909090909091,0
CR014,104,NK-cell enriched,0.045454545454545456,0,0,0,0.5909090909090909,0,0,0,0.36363636363636365,0
CR014,104,Stromal,0,0,0,0,0.047619047619047616,0,0,0,0.9523809523809523,0
CR014,105,Bulk Tumor,0.014249790444258172,0.008382229673093043,0.7342833193629505,0.02347024308466052,0.04442581726739313,0.013411567476948869,0,0.05113160100586756,0.09639564124056998,0.014249790444258172
CR014,105,CD8+ T cell enriched,0.058823529411764705,0.5294117647058824,0.058823529411764705,0,0.058823529411764705,0,0,0.058823529411764705,0.11764705882352941,0.11764705882352941
CR014,105,Immune-enriched stromal,0.04194857916102842,0.03247631935047361,0.17861975642760486,0.08525033829499323,0.029769959404600813,0.0040595399188092015,0.012178619756427604,0.013531799729364006,0.5466847090663058,0.05548037889039242
CR014,105,Mixed Immune,0.07526881720430108,0.021505376344086023,0.10752688172043011,0.45161290322580644,0.021505376344086023,0,0,0,0.23655913978494625,0.08602150537634409
CR014,105,NK-cell enriched,0.011235955056179775,0.0056179775280898875,0.2303370786516854,0.016853932584269662,0.5,0.028089887640449437,0,0.10674157303370786,0.07865168539325842,0.02247191011235955
CR014,105,Proliferative Tumor,0.017543859649122806,0.017543859649122806,0.3508771929824561,0,0.19298245614035087,0,0,0.40350877192982454,0.017543859649122806,0
CR014,105,Stromal,0.029616724738675958,0.020905923344947737,0.010452961672473868,0.03484320557491289,0.02613240418118467,0.003484320557491289,0.008710801393728223,0,0.8292682926829268,0.036585365853658534
CR014,106,Bulk Tumor,0.00411522633744856,0.012345679012345678,0.7489711934156379,0.00411522633744856,0.05761316872427984,0.03292181069958848,0,0.09465020576131687,0.04526748971193416,0
CR014,106,CD8+ T cell enriched,0,0.5789473684210527,0.017543859649122806,0.10526315789473684,0.017543859649122806,0,0.017543859649122806,0,0.22807017543859648,0.03508771929824561
CR014,106,Immune-enriched stromal,0.04054054054054054,0.057432432432432436,0.11148648648648649,0.07094594594594594,0.060810810810810814,0.0033783783783783786,0.013513513513513514,0.016891891891891893,0.5878378378378378,0.037162162162162164
CR014,106,Mixed Immune,0.08823529411764706,0.058823529411764705,0.029411764705882353,0.35294117647058826,0.11764705882352941,0,0.029411764705882353,0.058823529411764705,0.23529411764705882,0.029411764705882353
CR014,106,NK-cell enriched,0.08695652173913043,0,0.34782608695652173,0,0.4782608695652174,0,0,0.043478260869565216,0.043478260869565216,0
CR014,106,P53+ Tumor,0,0,0.42857142857142855,0,0,0.2857142857142857,0,0.2857142857142857,0,0
CR014,106,Proliferative Tumor,0.0196078431372549,0.014705882352941176,0.25980392156862747,0.014705882352941176,0.058823529411764705,0.04411764705882353,0.004901960784313725,0.5637254901960784,0.014705882352941176,0.004901960784313725
CR014,106,Stromal,0.01877133105802048,0.02901023890784983,0.0017064846416382253,0.032423208191126277,0.011945392491467578,0.0034129692832764505,0.006825938566552901,0,0.8771331058020477,0.01877133105802048
CR014,107,Bulk Tumor,0.01644736842105263,0.02631578947368421,0.7105263157894737,0.014802631578947368,0.039473684210526314,0.02631578947368421,0.009868421052631578,0.09046052631578948,0.05756578947368421,0.008223684210526315
CR014,107,CD8+ T cell enriched,0.024793388429752067,0.5082644628099173,0.06198347107438017,0.04132231404958678,0.08677685950413223,0,0.008264462809917356,0.024793388429752067,0.1446280991735537,0.09917355371900827
CR014,107,Immune-enriched stromal,0.010192525481313703,0.08040770101925254,0.11098527746319366,0.06002265005662514,0.08154020385050963,0.013590033975084938,0.011325028312570781,0.04190260475651189,0.5209513023782559,0.06908267270668177
CR014,107,Mixed Immune,0.018018018018018018,0.08108108108108109,0.08108108108108109,0.3153153153153153,0.09009009009009009,0.018018018018018018,0.02702702702702703,0.02702702702702703,0.21621621621621623,0.12612612612612611
CR014,107,NK-cell enriched,0.010380622837370242,0.04498269896193772,0.18685121107266436,0.02768166089965398,0.4844290657439446,0.02768166089965398,0.006920415224913495,0.058823529411764705,0.11764705882352941,0.03460207612456748
CR014,107,P53+ Tumor,0.038461538461538464,0,0.19230769230769232,0.038461538461538464,0.11538461538461539,0.38461538461538464,0,0.15384615384615385,0.038461538461538464,0.038461538461538464
CR014,107,Proliferative Tumor,0.00390625,0.01953125,0.23828125,0.015625,0.08984375,0.0390625,0.015625,0.4765625,0.09375,0.0078125
CR014,107,Stromal,0.006430868167202572,0.04983922829581994,0.003215434083601286,0.027331189710610933,0.04019292604501608,0.003215434083601286,0.003215434083601286,0,0.837620578778135,0.028938906752411574
CR014,108,Bulk Tumor,0.009281678773204197,0.022195318805488296,0.7376916868442293,0.024616626311541566,0.031073446327683617,0.03631961259079903,0.0020177562550443904,0.07384987893462469,0.05649717514124294,0.00645682001614205
CR014,108,CD8+ T cell enriched,0.0033112582781456954,0.5331125827814569,0.06622516556291391,0.08940397350993377,0.04304635761589404,0.006622516556291391,0,0.019867549668874173,0.15562913907284767,0.08278145695364239
CR014,108,Immune-enriched stromal,0.029805352798053526,0.06751824817518248,0.1380778588807786,0.09124087591240876,0.032846715328467155,0.016423357664233577,0.015206812652068127,0.024330900243309004,0.5255474452554745,0.05900243309002433
CR014,108,Mixed Immune,0.0390625,0.06770833333333333,0.059895833333333336,0.4244791666666667,0.0546875,0.015625,0.0078125,0.020833333333333332,0.21354166666666666,0.09635416666666667
CR014,108,NK-cell enriched,0.012903225806451613,0.025806451612903226,0.21935483870967742,0.04516129032258064,0.535483870967742,0.012903225806451613,0.0064516129032258064,0.08387096774193549,0.04516129032258064,0.012903225806451613
CR014,108,P53+ Tumor,0,0,0.45454545454545453,0,0.045454545454545456,0.3181818181818182,0,0.18181818181818182,0,0
CR014,108,Proliferative Tumor,0.003838771593090211,0.030710172744721688,0.2840690978886756,0.007677543186180422,0.046065259117082535,0.036468330134357005,0.003838771593090211,0.5412667946257198,0.04222648752399232,0.003838771593090211
CR014,108,Stromal,0.023350253807106598,0.025380710659898477,0.008121827411167513,0.03857868020304569,0.02030456852791878,0.003045685279187817,0.003045685279187817,0,0.8426395939086294,0.03553299492385787
CR020,109,Bulk Tumor,0.0040766408479412965,0.05421932327761924,0.695067264573991,0.005707297187117815,0.0411740725642071,0.011822258459029759,0.0028536485935589076,0.14920505503465145,0.026498165511618425,0.009376273950264982
CR020,109,CD8+ T cell enriched,0.022099447513812154,0.4167324388318863,0.06077348066298342,0.05919494869771113,0.04498816101026046,0.0055248618784530384,0.01578531965272297,0.027624309392265192,0.13180741910023677,0.2154696132596685
CR020,109,Immune-enriched stromal,0.03235294117647059,0.13529411764705881,0.050980392156862744,0.059803921568627454,0.03627450980392157,0.00196078431372549,0.014705882352941176,0.014705882352941176,0.492156862745098,0.16176470588235295
CR020,109,Mixed Immune,0.03187250996015936,0.10756972111553785,0.021912350597609563,0.28286852589641437,0.04183266932270916,0.00796812749003984,0.0398406374501992,0.00398406374501992,0.1892430278884462,0.2729083665338645
CR020,109,NK-cell enriched,0.024390243902439025,0.07317073170731707,0.15853658536585366,0.08536585365853659,0.43902439024390244,0.012195121951219513,0,0.024390243902439025,0.0975609756097561,0.08536585365853659
CR020,109,P53+ Tumor,0,0,0.4444444444444444,0,0.1111111111111111,0.1111111111111111,0,0.2222222222222222,0.1111111111111111,0
CR020,109,Proliferative Tumor,0.0016155088852988692,0.05331179321486268,0.35379644588045234,0.0016155088852988692,0.05411954765751212,0.014539579967689823,0.004038772213247173,0.4806138933764136,0.01938610662358643,0.016962843295638127
CR020,109,Stromal,0.02,0.02666666666666667,0,0.02666666666666667,0.02,0,0.02,0,0.8,0.08666666666666667
CR023,23,Bulk Tumor,0,0,0.8181818181818182,0,0.030303030303030304,0,0,0.09090909090909091,0.030303030303030304,0.030303030303030304
CR023,23,CD8+ T cell enriched,0.1320754716981132,0.4339622641509434,0.03773584905660377,0.07547169811320754,0.03773584905660377,0,0.018867924528301886,0,0.1320754716981132,0.1320754716981132
CR023,23,Immune-enriched stromal,0.07426900584795322,0.0608187134502924,0.06374269005847953,0.12280701754385964,0.03274853801169591,0.01929824561403509,0.0023391812865497076,0.004678362573099415,0.5274853801169591,0.09181286549707603
CR023,23,Mixed Immune,0.062162162162162166,0.02702702702702703,0.04594594594594595,0.41621621621621624,0.05675675675675676,0.008108108108108109,0,0,0.25405405405405407,0.12972972972972974
CR023,23,NK-cell enriched,0.05,0.1,0.1,0.1,0.4,0,0,0,0.2,0.05
CR023,23,Stromal,0.035967445523759516,0.014964557626673668,0.018114990811236544,0.04253084799159885,0.010501443948542924,0.010238907849829351,0,0,0.836965082698871,0.030716723549488054
CR023,24,Bulk Tumor,0,0.009836065573770493,0.7540983606557377,0.009836065573770493,0.03934426229508197,0.036065573770491806,0,0.04590163934426229,0.08852459016393442,0.01639344262295082
CR023,24,CD8+ T cell enriched,0.0297029702970297,0.5099009900990099,0.04455445544554455,0.09900990099009901,0.04455445544554455,0.009900990099009901,0.0049504950495049506,0,0.16831683168316833,0.0891089108910891
CR023,24,Immune-enriched stromal,0.021753908905506457,0.05846363018354861,0.1434398368456832,0.10740992522093813,0.05098572399728076,0.024473147518694765,0.0013596193065941536,0.004758667573079538,0.5166553365057783,0.07070020394289599
CR023,24,Mixed Immune,0.0111731843575419,0.0782122905027933,0.08659217877094973,0.33519553072625696,0.05307262569832402,0.0111731843575419,0.002793296089385475,0,0.24581005586592178,0.17597765363128492
CR023,24,NK-cell enriched,0.02702702702702703,0,0.16216216216216217,0.13513513513513514,0.32432432432432434,0.05405405405405406,0,0,0.24324324324324326,0.05405405405405406
CR023,24,P53+ Tumor,0,0,1,0,0,0,0,0,0,0
CR023,24,Proliferative Tumor,0,0,0.29411764705882354,0,0.058823529411764705,0.11764705882352941,0,0.47058823529411764,0.058823529411764705,0
CR023,24,Stromal,0.010180623973727421,0.015106732348111659,0.0187192118226601,0.030541871921182268,0.00722495894909688,0.011822660098522168,3.284072249589491e-4,0,0.8807881773399014,0.02528735632183908
CR023,25,Bulk Tumor,0,0.003511852502194908,0.8402107111501317,0,0.007901668129938543,0.018437225636523266,0.001755926251097454,0.09657594381035997,0.029850746268656716,0.001755926251097454
CR023,25,CD8+ T cell enriched,0.0625,0.625,0.0625,0,0,0,0,0,0.0625,0.1875
CR023,25,Immune-enriched stromal,0.02753195673549656,0.0471976401179941,0.16617502458210423,0.04424778761061947,0.015732546705998034,0.029498525073746312,0.0029498525073746312,0.02654867256637168,0.5752212389380531,0.06489675516224189
CR023,25,Mixed Immune,0.05555555555555555,0,0,0.5,0,0,0.05555555555555555,0,0.2777777777777778,0.1111111111111111
CR023,25,P53+ Tumor,0,0,0,0,0,1,0,0,0,0
CR023,25,Proliferative Tumor,0,0,0.3974358974358974,0,0.05128205128205128,0,0,0.5384615384615384,0.01282051282051282,0
CR023,25,Stromal,0.015869311551925322,0.011435239206534423,0.012135355892648775,0.01680280046674446,0.0039673278879813305,0.010268378063010501,7.001166861143524e-4,2.3337222870478414e-4,0.8991831971995332,0.0294049008168028
CR023,26,Bulk Tumor,0.002877106452938759,0.018084669132757913,0.7525688450472667,0.0036991368680641184,0.035758323057953144,0.011508425811755036,0.0012330456226880395,0.11426222770242499,0.04192355117139334,0.018084669132757913
CR023,26,CD8+ T cell enriched,0.05421686746987952,0.3493975903614458,0.024096385542168676,0.04819277108433735,0.018072289156626505,0.012048192771084338,0.024096385542168676,0.006024096385542169,0.20481927710843373,0.25903614457831325
CR023,26,Immune-enriched stromal,0.02490096208262592,0.0865874363327674,0.1035653650254669,0.056593095642331635,0.01867572156196944,0.009054895302773062,0.004527447651386531,0.017543859649122806,0.5557441992076967,0.12280701754385964
CR023,26,Mixed Immune,0.039647577092511016,0.07048458149779736,0.05286343612334802,0.36123348017621143,0.039647577092511016,0.013215859030837005,0.004405286343612335,0,0.19823788546255505,0.22026431718061673
CR023,26,NK-cell enriched,0,0.05,0.45,0,0.4,0,0,0.05,0.05,0
CR023,26,Proliferative Tumor,0.008097165991902834,0.006072874493927126,0.3603238866396761,0,0.032388663967611336,0.018218623481781375,0.004048582995951417,0.5465587044534413,0.020242914979757085,0.004048582995951417
CR023,26,Stromal,0.013172338090010977,0.027442371020856202,0.02305159165751921,0.02854006586169045,0.005488474204171241,0.0043907793633369925,0.0021953896816684962,0,0.8485181119648738,0.04720087815587267
CR023,27,Bulk Tumor,0.0016611295681063123,0.0024916943521594683,0.854235880398671,0.004152823920265781,0.010382059800664452,0.01287375415282392,4.152823920265781e-4,0.08430232558139535,0.022840531561461794,0.006644518272425249
CR023,27,CD8+ T cell enriched,0.11940298507462686,0.417910447761194,0.014925373134328358,0.08955223880597014,0.014925373134328358,0,0,0,0.14925373134328357,0.19402985074626866
CR023,27,Immune-enriched stromal,0.0273224043715847,0.06739526411657559,0.10382513661202186,0.056466302367941715,0.009107468123861567,0.01639344262295082,9.107468123861566e-4,0.01366120218579235,0.5983606557377049,0.10655737704918032
CR023,27,Mixed Immune,0.0379746835443038,0.12658227848101267,0.05063291139240506,0.379746835443038,0.02531645569620253,0.012658227848101266,0,0,0.1518987341772152,0.21518987341772153
CR023,27,NK-cell enriched,0,0,0.5,0,0,0,0,0.5,0,0
CR023,27,P53+ Tumor,0,0,0.3333333333333333,0,0,0.6666666666666666,0,0,0,0
CR023,27,Proliferative Tumor,0,0.008928571428571428,0.3482142857142857,0,0.026785714285714284,0.017857142857142856,0,0.5803571428571429,0.008928571428571428,0.008928571428571428
CR023,27,Stromal,0.011226252158894647,0.03151986183074266,0.014248704663212436,0.015112262521588947,0.002158894645941278,0.005613126079447323,0.002158894645941278,0,0.8803972366148531,0.03756476683937824
CR027,31,Bulk Tumor,0,0.013452914798206279,0.7443946188340808,0,0.10762331838565023,0.07174887892376682,0,0.03587443946188341,0.026905829596412557,0
CR027,31,CD8+ T cell enriched,0.01912568306010929,0.46994535519125685,0.0273224043715847,0.08469945355191257,0.05737704918032787,0.08469945355191257,0,0.01912568306010929,0.1092896174863388,0.1284153005464481
CR027,31,Immune-enriched stromal,0.013996889580093312,0.07776049766718507,0.05287713841368585,0.1088646967340591,0.09020217729393468,0.02177293934681182,0.00933125972006221,0.00933125972006221,0.5147744945567652,0.10108864696734059
CR027,31,Mixed Immune,0.020703933747412008,0.07246376811594203,0.024844720496894408,0.31469979296066253,0.10766045548654245,0.006211180124223602,0.012422360248447204,0.004140786749482402,0.2194616977225673,0.21739130434782608
CR027,31,NK-cell enriched,0.007984031936127744,0.029940119760479042,0.1377245508982036,0.02594810379241517,0.6367265469061876,0.023952095808383235,0.001996007984031936,0.031936127744510975,0.07984031936127745,0.023952095808383235
CR027,31,P53+ Tumor,0.0010799136069114472,0.0550755939524838,0.1744060475161987,0.005939524838012959,0.03023758099352052,0.5545356371490281,0.0016198704103671706,0.15928725701943844,0.011879049676025918,0.005939524838012959
CR027,31,Proliferative Tumor,0,0.028132992327365727,0.1585677749360614,0,0.01278772378516624,0.22762148337595908,0,0.5601023017902813,0.0076726342710997444,0.005115089514066497
CR027,31,Stromal,0.02127659574468085,0.014184397163120567,0.014184397163120567,0.0425531914893617,0.03546099290780142,0.0070921985815602835,0,0,0.7943262411347518,0.07092198581560284
CR027,32,Bulk Tumor,0,0.033962264150943396,0.6226415094339622,0.0037735849056603774,0.16226415094339622,0.07547169811320754,0.0037735849056603774,0.07169811320754717,0.01509433962264151,0.011320754716981131
CR027,32,CD8+ T cell enriched,0.00906344410876133,0.4078549848942598,0.06646525679758308,0.04833836858006042,0.0755287009063444,0.0513595166163142,0.00906344410876133,0.03927492447129909,0.12084592145015106,0.17220543806646527
CR027,32,Immune-enriched stromal,0.0188953488372093,0.08575581395348837,0.0872093023255814,0.06686046511627906,0.12354651162790697,0.01744186046511628,0.010174418604651164,0.014534883720930232,0.49127906976744184,0.08430232558139535
CR027,32,Mixed Immune,0.030837004405286344,0.06607929515418502,0.03524229074889868,0.22466960352422907,0.15418502202643172,0.01762114537444934,0.00881057268722467,0.004405286343612335,0.21585903083700442,0.2422907488986784
CR027,32,NK-cell enriched,0.011494252873563218,0.07151979565772669,0.11749680715197956,0.02681992337164751,0.5951468710089399,0.021711366538952746,0.005108556832694764,0.002554278416347382,0.10089399744572158,0.04725415070242656
CR027,32,P53+ Tumor,7.479431563201197e-4,0.0605833956619297,0.19970082273747194,7.479431563201197e-4,0.02916978309648467,0.5108451757666418,0,0.18175018698578907,0.010471204188481676,0.005983545250560957
CR027,32,Proliferative Tumor,0.0011876484560570072,0.057007125890736345,0.15676959619952494,0,0.022565320665083134,0.15795724465558195,0.0011876484560570072,0.5950118764845606,0.00831353919239905,0
CR027,32,Stromal,0.023391812865497075,0.02631578947368421,0.011695906432748537,0.03508771929824561,0.05555555555555555,0,0.0029239766081871343,0,0.8304093567251462,0.014619883040935672
CR027,33,Bulk Tumor,0.0011737089201877935,0.03403755868544601,0.7065727699530516,0.0035211267605633804,0.04460093896713615,0.12441314553990611,0,0.06455399061032864,0.017605633802816902,0.0035211267605633804
CR027,33,CD8+ T cell enriched,0.00974025974025974,0.4512987012987013,0.03571428571428571,0.048701298701298704,0.06493506493506493,0.05194805194805195,0.006493506493506494,0.01948051948051948,0.11688311688311688,0.19480519480519481
CR027,33,Immune-enriched stromal,0.016252390057361378,0.06405353728489484,0.06309751434034416,0.06692160611854685,0.07361376673040153,0.017208413001912046,0.0124282982791587,0.015296367112810707,0.5325047801147228,0.13862332695984703
CR027,33,Mixed Immune,0.013966480446927373,0.0446927374301676,0.0335195530726257,0.31843575418994413,0.09217877094972067,0.013966480446927373,0.04189944134078212,0.002793296089385475,0.19273743016759776,0.24581005586592178
CR027,33,NK-cell enriched,0.005312084993359893,0.057104913678618856,0.05843293492695883,0.0451527224435591,0.5790172642762285,0.02390438247011952,0.006640106241699867,0.025232403718459494,0.12749003984063745,0.07171314741035857
CR027,33,P53+ Tumor,0,0.04878048780487805,0.2657695542472666,0.002523128679562658,0.02943650126156434,0.4667788057190917,8.410428931875525e-4,0.1665264928511354,0.017661900756938603,0.001682085786375105
CR027,33,Proliferative Tumor,0.001976284584980237,0.037549407114624504,0.22332015810276679,0.003952569169960474,0.025691699604743084,0.1422924901185771,0.001976284584980237,0.5474308300395256,0.015810276679841896,0
CR027,33,Stromal,0,0.026615969581749048,0.009505703422053232,0.030418250950570342,0.02091254752851711,0,0.0076045627376425855,0,0.8422053231939164,0.06273764258555133
CR027,34,Bulk Tumor,0.0015625,0.00625,0.7359375,0,0.0421875,0.0703125,0.0015625,0.10625,0.034375,0.0015625
CR027,34,CD8+ T cell enriched,0.00510204081632653,0.34183673469387754,0.015306122448979591,0.04591836734693878,0.10714285714285714,0.015306122448979591,0.01020408163265306,0.01020408163265306,0.10204081632653061,0.3469387755102041
CR027,34,Immune-enriched stromal,0.01267605633802817,0.047183098591549295,0.06619718309859154,0.04507042253521127,0.1056338028169014,0.02464788732394366,0.016901408450704224,0.019014084507042252,0.5352112676056338,0.12746478873239436
CR027,34,Mixed Immune,0.01948051948051948,0.04329004329004329,0.023809523809523808,0.2597402597402597,0.09523809523809523,0.0021645021645021645,0.03463203463203463,0.006493506493506494,0.19264069264069264,0.3225108225108225
CR027,34,NK-cell enriched,0.0050561797752808986,0.01741573033707865,0.08651685393258426,0.035955056179775284,0.7258426966292135,0.015730337078651686,0,0.014606741573033709,0.0848314606741573,0.014044943820224719
CR027,34,P53+ Tumor,0,0.0375234521575985,0.2626641651031895,0.001876172607879925,0.0225140712945591,0.5196998123827392,0,0.13320825515947468,0.020637898686679174,0.001876172607879925
CR027,34,Proliferative Tumor,0.002702702702702703,0.005405405405405406,0.2945945945945946,0,0.02972972972972973,0.08378378378378379,0.008108108108108109,0.5432432432432432,0.032432432432432434,0
CR027,34,Stromal,0.006201550387596899,0.015503875968992248,0.004651162790697674,0.024806201550387597,0.06201550387596899,0.0031007751937984496,0.0015503875968992248,0.0015503875968992248,0.8387596899224806,0.04186046511627907
CR034,110,Bulk Tumor,0.0033821871476888386,0.030439684329199548,0.7046223224351748,0.010146561443066516,0.05186020293122886,0.0552423900789177,0.006764374295377677,0.1104847801578354,0.018038331454340473,0.009019165727170236
CR034,110,CD8+ T cell enriched,0.02127659574468085,0.4133738601823708,0.09422492401215805,0.0364741641337386,0.0668693009118541,0.0486322188449848,0.030395136778115502,0.06382978723404255,0.10638297872340426,0.11854103343465046
CR034,110,Immune-enriched stromal,0.03027027027027027,0.0627027027027027,0.11027027027027027,0.0745945945945946,0.0627027027027027,0.02918918918918919,0.03135135135135135,0.04,0.47243243243243244,0.08648648648648649
CR034,110,Mixed Immune,0.019672131147540985,0.07868852459016394,0.07213114754098361,0.31475409836065577,0.05573770491803279,0.03934426229508197,0.03278688524590164,0.03934426229508197,0.21311475409836064,0.13442622950819672
CR034,110,NK-cell enriched,0.018306636155606407,0.036613272311212815,0.09382151029748284,0.02745995423340961,0.6132723112128147,0.036613272311212815,0.016018306636155607,0.057208237986270026,0.07551487414187644,0.02517162471395881
CR034,110,P53+ Tumor,0.0024834437086092716,0.03890728476821192,0.17549668874172186,0.011589403973509934,0.04718543046357616,0.43874172185430466,0.0074503311258278145,0.23841059602649006,0.03145695364238411,0.008278145695364239
CR034,110,Proliferative Tumor,0.004278990158322636,0.04278990158322636,0.1647411210954215,0.006418485237483954,0.043645699614890884,0.1339323919554985,0.006418485237483954,0.5721009841677364,0.019683354728284124,0.00599058622165169
CR034,110,Stromal,0,0,0,0.07692307692307693,0.046153846153846156,0.015384615384615385,0.015384615384615385,0,0.8307692307692308,0.015384615384615385
CR034,111,Bulk Tumor,0.004702194357366771,0.04231974921630094,0.6833855799373041,0.01567398119122257,0.047021943573667714,0.09561128526645768,0,0.0768025078369906,0.032915360501567396,0.001567398119122257
CR034,111,CD8+ T cell enriched,0.022222222222222223,0.34814814814814815,0.06666666666666667,0.037037037037037035,0.05925925925925926,0.05185185185185185,0.007407407407407408,0.044444444444444446,0.15555555555555556,0.2074074074074074
CR034,111,Immune-enriched stromal,0.024630541871921183,0.05172413793103448,0.08497536945812807,0.05788177339901478,0.13423645320197045,0.0480295566502463,0.008620689655172414,0.017241379310344827,0.4618226600985222,0.11083743842364532
CR034,111,Mixed Immune,0.04819277108433735,0.0642570281124498,0.040160642570281124,0.26506024096385544,0.13253012048192772,0.024096385542168676,0.004016064257028112,0.024096385542168676,0.15261044176706828,0.24497991967871485
CR034,111,NK-cell enriched,0.01517706576728499,0.03204047217537943,0.06913996627318718,0.03035413153456998,0.554806070826307,0.03035413153456998,0.008431703204047217,0.048903878583473864,0.1736930860033727,0.03709949409780776
CR034,111,P53+ Tumor,0.002926829268292683,0.03219512195121951,0.22146341463414634,0.012682926829268294,0.05951219512195122,0.4770731707317073,0.001951219512195122,0.15317073170731707,0.03804878048780488,9.75609756097561e-4
CR034,111,Proliferative Tumor,0.0044943820224719105,0.035955056179775284,0.23146067415730337,0.01348314606741573,0.06741573033707865,0.14382022471910114,0.0022471910112359553,0.47191011235955055,0.02247191011235955,0.006741573033707865
CR034,111,Stromal,0.006122448979591836,0.018367346938775512,0.0163265306122449,0.024489795918367346,0.05102040816326531,0.004081632653061225,0.004081632653061225,0,0.8489795918367347,0.026530612244897958
CR034,112,Bulk Tumor,0.0018450184501845018,0.02214022140221402,0.7343173431734318,0.007380073800738007,0.03505535055350553,0.055350553505535055,0.005535055350553505,0.08487084870848709,0.05350553505535055,0
CR034,112,CD8+ T cell enriched,0,0.38095238095238093,0.14285714285714285,0.047619047619047616,0,0,0.09523809523809523,0.09523809523809523,0.09523809523809523,0.14285714285714285
CR034,112,Immune-enriched stromal,0.022457067371202115,0.036988110964332896,0.13474240422721268,0.071334214002642,0.06340819022457067,0.0488771466314399,0.031704095112285335,0.05680317040951123,0.48745046235138706,0.046235138705416116
CR034,112,Mixed Immune,0.023255813953488372,0.011627906976744186,0.12209302325581395,0.3546511627906977,0.05813953488372093,0.05813953488372093,0.03488372093023256,0.040697674418604654,0.22674418604651161,0.06976744186046512
CR034,112,NK-cell enriched,0.018018018018018018,0.04504504504504504,0.17117117117117117,0.05405405405405406,0.4594594594594595,0.036036036036036036,0.036036036036036036,0.018018018018018018,0.14414414414414414,0.018018018018018018
CR034,112,P53+ Tumor,0.005979073243647235,0.025411061285500747,0.17488789237668162,0.02092675635276532,0.008968609865470852,0.4992526158445441,0.01046337817638266,0.18236173393124067,0.0687593423019432,0.0029895366218236174
CR034,112,Proliferative Tumor,0.0012091898428053204,0.020556227327690448,0.20435308343409916,0.015719467956469165,0.020556227327690448,0.13905683192261184,0.008464328899637243,0.5405078597339782,0.0471584038694075,0.0024183796856106408
CR034,112,Stromal,0.008797653958944282,0.01466275659824047,0.017595307917888565,0.03225806451612903,0.020527859237536656,0.017595307917888565,0.008797653958944282,0.002932551319648094,0.844574780058651,0.03225806451612903
CR038,35,Bulk Tumor,0.0064516129032258064,0.004032258064516129,0.6798387096774193,0.0064516129032258064,0.00967741935483871,0.014516129032258065,0.0024193548387096775,0.2314516129032258,0.04435483870967742,8.064516129032258e-4
CR038,35,CD8+ T cell enriched,0.03225806451612903,0.5483870967741935,0,0.03225806451612903,0.06451612903225806,0,0.06451612903225806,0,0.16129032258064516,0.0967741935483871
CR038,35,Immune-enriched stromal,0.02573309395571514,0.029323758228605626,0.0807899461400359,0.07540394973070018,0.06343506882106523,0.010771992818671455,0.047875523638539794,0.05565529622980251,0.566128067025733,0.04488330341113106
CR038,35,Mixed Immune,0.013422818791946308,0.013422818791946308,0.06040268456375839,0.37583892617449666,0.08053691275167785,0.013422818791946308,0.06040268456375839,0.006711409395973154,0.24832214765100671,0.12751677852348994
CR038,35,NK-cell enriched,0.008333333333333333,0.041666666666666664,0.025,0.05,0.5416666666666666,0.008333333333333333,0.025,0.05,0.21666666666666667,0.03333333333333333
CR038,35,P53+ Tumor,0,0,0.2,0,0,0,0,0.4,0.4,0
CR038,35,Proliferative Tumor,0.00652489125181247,0.0026582890285161915,0.29507008216529723,0.008216529724504592,0.015949734171097147,0.026341227646205896,0.013291445142580956,0.5959400676655389,0.035041082648622525,9.666505558240696e-4
CR038,35,Stromal,0.012838801711840228,0.014265335235378032,0.0042796005706134095,0.05135520684736091,0.029957203994293864,0.007132667617689016,0.009985734664764621,0.0014265335235378032,0.8459343794579173,0.02282453637660485
CR038,36,Bulk Tumor,0.0090032154340836,0.006430868167202572,0.6983922829581993,0.00964630225080386,0.014790996784565916,0.02508038585209003,0.00707395498392283,0.1807073954983923,0.044372990353697746,0.0045016077170418
CR038,36,CD8+ T cell enriched,0.015384615384615385,0.5076923076923077,0.03076923076923077,0.1076923076923077,0.03076923076923077,0,0,0,0.24615384615384617,0.06153846153846154
CR038,36,Immune-enriched stromal,0.027152317880794703,0.038410596026490065,0.056291390728476824,0.10927152317880795,0.038410596026490065,0.013245033112582781,0.04105960264900662,0.030463576158940398,0.5403973509933775,0.10529801324503311
CR038,36,Mixed Immune,0.0226628895184136,0.036827195467422094,0.036827195467422094,0.3286118980169972,0.042492917847025496,0.0084985835694051,0.05099150141643059,0.019830028328611898,0.26912181303116145,0.18413597733711048
CR038,36,NK-cell enriched,0,0,0.11538461538461539,0.11538461538461539,0.38461538461538464,0,0,0,0.3076923076923077,0.07692307692307693
CR038,36,P53+ Tumor,0,0,0.625,0,0,0.25,0,0,0.125,0
CR038,36,Proliferative Tumor,0.00468384074941452,0.00624512099921936,0.3227946916471507,0.0078064012490242,0.01522248243559719,0.01795472287275566,0.00624512099921936,0.5921155347384855,0.02576112412177986,0.00117096018735363
CR038,36,Stromal,0.012400354295837024,0.0097431355181576609,0.00354295837023915,0.03454384410983171,0.019486271036315322,0.00354295837023915,0.011514614703277236,0,0.8689105403011514,0.03631532329495128
CR038,37,Bulk Tumor,0.005870841487279843,0.010273972602739725,0.7167318982387475,0.01223091976516634,0.016634050880626222,0.01761252446183953,0.004403131115459882,0.17954990215264188,0.03131115459882583,0.0053816046966731895
CR038,37,CD8+ T cell enriched,0.02631578947368421,0.5131578947368421,0.013157894736842105,0.02631578947368421,0,0.02631578947368421,0.013157894736842105,0.039473684210526314,0.18421052631578946,0.15789473684210525
CR038,37,Immune-enriched stromal,0.0224791265253693,0.04238921001926782,0.06037251123956326,0.08734746307000642,0.03018625561978163,0.009633911368015413,0.03917790622992935,0.03275529865125241,0.5542710340398201,0.12138728323699421
CR038,37,Mixed Immune,0.008130081300813009,0.018970189701897018,0.02981029810298103,0.3712737127371274,0.037940379403794036,0.013550135501355014,0.03523035230352303,0.018970189701897018,0.20596205962059622,0.2601626016260163
CR038,37,NK-cell enriched,0,0.1,0.2,0,0.4,0.1,0.1,0,0.1,0
CR038,37,P53+ Tumor,0,0,0,0,0,0.6,0,0.4,0,0
CR038,37,Proliferative Tumor,0.004790419161676647,0.007584830339321357,0.32974051896207585,0.006387225548902195,0.01157684630738523,0.011177644710578843,0.011976047904191617,0.5860279441117765,0.02714570858283433,0.003592814371257485
CR038,37,Stromal,0.008561643835616438,0.012842465753424657,0.004280821917808219,0.025684931506849314,0.010273972602739725,0.0017123287671232876,0.008561643835616438,8.561643835616438e-4,0.863013698630137,0.0642123287671233
CR041,113,Bulk Tumor,0.007318348144276007,0.015159435441714584,0.7607597142359296,0.003833420456525527,0.057152814079107855,0.014810942672939536,0.003310681303362955,0.08973688795957484,0.041644885868618225,0.006272869837950863
CR041,113,CD8+ T cell enriched,0.08723404255319149,0.39574468085106385,0.027659574468085105,0.04893617021276596,0.036170212765957444,0.006382978723404255,0.0574468085106383,0.00425531914893617,0.1276595744680851,0.20851063829787234
CR041,113,Immune-enriched stromal,0.06724511930585683,0.0878524945770065,0.0911062906724512,0.03470715835140998,0.04013015184381779,0.010845986984815618,0.0509761388286334,0.021691973969631236,0.4956616052060738,0.09978308026030369
CR041,113,Mixed Immune,0.08955223880597014,0.07960199004975124,0.03980099502487562,0.208955223880597,0.06467661691542288,0.014925373134328358,0.09950248756218906,0.009950248756218905,0.14427860696517414,0.24875621890547264
